01 087 0718 3 31568-31808-32048-32286
01 013 0554 2 4318-4636-4872
01 026 0520 2 9199-9534-9719
01 025 0518 2 8681-8961-9199
01 063 0518 2 22855-23157-23373
01 005 0496 2 1342-1645-1838
01 032 0489 2 11512-11745-12001
01 028 0480 2 9945-10209-10425
01 089 0479 2 32765-33005-33244
01 088 0479 2 32286-32525-32765
01 019 0476 2 6515--6991
01 074 0466 2 27065-27345-27531
01 043 0458 2 15523-15777-15981
01 040 0454 2 14332-14601-14786
01 015 0430 2 5073-5296-5503
01 072 0427 2 26323-26570-26750
01 064 0416 2 23373-23472-23789
01 050 0410 2 18160-18322-18570
01 065 0408 2 23789-23942-24197
01 044 0408 2 15981-16206-16389
01 054 0403 2 19605-19841-20008
01 059 0397 2 21370-21533-21767
01 018 0396 2 6119-6287-6515
01 022 0393 2 7540-7741-7933
01 011 0392 2 3602-3787-3994
01 060 0392 2 21767-22007-22159
01 084 0390 2 30429-30618-30819
01 085 0384 2 30819-30959-31203

02 045 0745 3 16164-16434-16674-16909
02 025 0699 3 8637-8860-9100-9336
02 027 0549 2 9566-9821-10115
02 051 0546 2 18499-18781-19045
02 083 0536 2 30521-30781-31057
02 019 0526 2 6210-6414-6736
02 036 0510 2 12836-13013-13346
02 086 0509 2 31765-32030-32274
02 081 0507 2 29785-29962-30292
02 053 0501 2 19417-19702-19918
02 005 0496 2 1359-1688-1855
02 055 0492 3 20330-20462-20702-20822
02 042 0488 2 14974-15201-15462
02 089 0479 2 33232-33472-33711
02 088 0479 2 32753-32994-33232
02 087 0479 2 32274-32514-32753
02 064 0477 2 23758-23978-24235
02 060 0464 2 22163-22316-22627
02 090 0462 2 33711-33951-34173
02 024 0459 2 8178-8436-8637
02 061 0447 2 22627-22795-23074
02 084 0444 2 31057-31183-31501
02 035 0441 2 12395-12650-12836
02 080 0433 2 29352-29543-29785
02 023 0431 2 7747-7987-8178
02 054 0412 2 19918-20186-20330
02 013 0410 2 4140-4397-4550
02 031 0406 2 11021-11266-11427
02 076 0404 2 27966-28150-28370
02 058 0404 2 21432-21622-21836
02 021 0398 2 6995-7216-7393
02 071 0387 2 26256-26466-26643
02 039 0384 2 13930-14098-14314

03 034 0692 3 12074-12343-12583-12766
03 058 0658 3 20765-20994-21234-21423
03 091 0595 3 33951-34186-34431-34546
03 005 0552 2 1468-1738-2020
03 030 0541 2 10475-10670-11016
03 010 0535 2 3389-3689-3924
03 074 0528 2 26869-27173-27397
03 090 0479 2 33472-33712-33951
03 089 0479 2 32993-33235-33472
03 088 0479 2 32514-32754-32993
03 087 0479 2 32035-32280-32514
03 083 0462 2 30452-30602-30914
03 049 0452 2 17589-18000-18041
03 063 0444 2 22806-23070-23250
03 053 0434 2 19005-19119-19439
03 085 0431 2 31190-31430-31621
03 078 0429 2 28501-28603-28930
03 021 0428 2 7303-7499-7731
03 066 0428 2 23926-24127-24354
03 032 0428 2 11292-11528-11720
03 079 0420 2 28930-29146-29350
03 028 0418 2 9775-9889-10193
03 075 0418 2 27397-27635-27815
03 047 0415 2 16784-16995-17199
03 086 0414 2 31621-31789-32035
03 062 0410 2 22396-22617-22806
03 006 0402 2 2020-2236-2422
03 037 0399 2 13296-13530-13695
03 018 0398 2 6150-6383-6548
03 069 0396 2 25057-25213-25453
03 015 0394 2 5036-5231-5430
03 060 0394 2 21627-21823-22021
03 001 0393 2 0-219-393
03 019 0392 2 6548-6744-6940
03 048 0390 2 17199-17324-17589
03 072 0388 2 26152-26348-26540
